11111111111111111111111111111111111111
10000000000000000000000000000000000001
10000000000000000000000000000000000001
10000000000000000000000000000000000001
10000000000000000000000000000000000001
10000000000000000000000000000000000001
10000000000000000000000000000000000001
10000000000000000000000000000000000001
10000000000000000000000000000000000001
10000000000000000000000000000000000001
10000000000000000000000000000000000001
10000000000000000000000000000X00000001
10000000000000000000000000000000000001
10000000000000000000000000000000000001
10000000000000000000000000000000000001
10000000000000000000000000000000000001
10000000000000000000000000000000000001
10000000000000000000000000000000000001
10000000000000000000000000000000000001
10000000000000000000000000000000000001
10000000000000000000000000000000000001
10000000000000000000000000000000000001
10000000000000000000000000000000000001
11111111111111111111111111111111111111

38 24

