11111111111111111111111111111111111111111111111111111111111111111111111
10000000000100000010000000100000000000000000000000000010000000000000001
10000000000100000010000000100000000000000000000000000010000000000000001
10000000000100000010000000100000000000000000000000000010000000000011001
10001000000100000010000000111111111111111111100011111110001111100011001
10001000000100011111111000000000000000000000000000000010000000100000001
10001001000100000000001000000000000000000000000000000010000000100000001
10001001000100000000001000000000000000100000000001000011111100111111111
10011001000100010010001000100000000000100000000001000010000000100000001
10011001000100010010001000100000000000100100001001000010000000100000001
10000001000100010010001000100000000000100100001001000010001000000010001
10000001111100010010001000100000000000100100001001000010001000000010001
10000000000000010010001000100000000000100111111001000010001111111110001
10000000000000010010000000100000000000100100001001000010000000000000001
10000000000000010010000000100000000000100100001001000010000000000000001
11111111111111110010000000100000000000100100001001000010000000000000001
10000000000000000011111111100001111111100000000001000010001111111000001
10000000000000000010000000000000000000000000000000000010001000001000001
10000000000000000010000000000000000000000000000000000010001000001000001
1001111111111110001000000000000000000000111111111111111000100100100X001
10000000011000000010001111111100000000001000001000000000001001001000001
10000000011000000010001000000100000111111000001000111111111001001000001
10000000011001111110001000000100000000000000001000000000000001000000001
10000010011000000000001000000100000000000000001000111111111111000000001
10000010011000000000001000000100001111111000001000100000000000000000001
10000010011000010000000000000100001000001000001000100000000000000000001
10000010011000010000000000000100001000001000001000100000000000000000001
11111110011000010000001000000100001000001000000000100011111111111111111
10000000011000010000001000000100001000001000000000100000000000000000001
10000000011111110000001111111100001000001001111111100000000000000000001
10000000000000000000000000000000001000001000000000100000000000000000001
10000000000000000000000000000000000000001000000000100111111001100111001
10000111111110000000000000010000000001000000001000100000001001000001001
10000100000010000011111100010000100001100000001000100000001001000001001
10000100000010000010000100010000100000110000001000111111001001000001001
10000100000010000010000100010000100000011000001000000000001001000001001
10000000000010000010000100010000100010001100001000000000001001000001001
10000000000010000010000100010000100010000111111111000010001001111011001
10000100100010000011111100000000100010000000000000000010001000000001001
10000100100010000000000000000000100010000000000000000010000000000001001
10000100100010000000000000000000100010011111111000000010000000000001001
10000100100000000000011111111111100010010000000000000010000000000001001
10000100100000000000010000000000000010010000000000000010000000000001001
10000100100111110000010000000000000010010011111111111110001111110001111
10000000000000000000010000000111111110010010000000001110001000000000001
10000000000000000000000000000000000000000010000000001110001000000000001
10000000000000000000000000000000000000000010000000001110001000000000001
11111111111111111111111111111111111111111111111111111111111111111111111

71 48

