1111111111111111
1001000000001001
1000011000000001
1001001001111101
1111111001000001
1000001000001001
1000001011111011
1011001000001001
1001001011101101
1101000000001X01
1111111111111111

16 11







1111111111111111
1000000000000001
1000000000000001
1000000000000001
1000000000000001
100000000000X001
1000000000000001
1000000000000001
1000000000000001
1000000000000001
1111111111111111

16 11


1111111111111111
1000000000000001
1000000000000001
1000000000000001
1000000000000001
1000000000000X01
1000000000000001
1000000000000001
1000000011101101
1100000000001001
1111111111111111

16 11


1111111111111111
1000000000000001
1000000000000001
1000000000000001
1000000100000001
1000000100000001
1000111111111001
1000000000000001
10000000000X0001
1100000000000001
1111111111111111


16 11
